Academy 20 School District,http://www.asd20.org/
Adams 12 Five Star Schools School District,http://www.adams12.org
Adams County 14 School District,http://www.adams14.org/
Adams-Arapahoe 28j School District,http://www.aps.k12.co.us
Agate 300 School District,NA
Aguilar Reorganized 6 School District,NA
Akron R-1 School District,http://www.akronrams.net
Alamosa Re-11j School District,http://www.alamosa.k12.co.us
Archuleta County 50 Jt School District,http://www.pagosa.k12.co.us
Arickaree R-2 School District,NA
Arriba-Flagler C-20 School District,http://flaglerschools.co.afs.schoolinsites.com/
Aspen 1 School District,http://www.aspenk12.net
Ault-Highland Re-9 School District,http://www.weldre9.k12.co.us
Bayfield 10 Jt-R School District,http://www.bayfield.k12.co.us
Bennett 29j School District,http://bennett29j.k12.co.us
Bethune R-5 School District,NA
Big Sandy 100j School District,http://bigsandy.ppboces.org/
Boulder Valley Re 2 School District,http://www.bvsd.org/
Branson Reorganized 82 School District,http://www.bransonschoolonline.com
Briggsdale Re-10 School District,http://briggsdaleschool.org
Brush Re-2(J) School District,http://brushschools.org
Buena Vista R-31 School District,"http://bvdistrict.dreamteamtech.com   (no www,  dot between district and dream)"
Buffalo Re-4j School District,NA
Burlington Re-6j School District,http://www.burlingtonk12.org
Byers 32j School District,http://www.byers32j.k12.co.us
Calhan Rj-1 School District,NA
Campo Re-6 School District,NA
Canon City Re-1 School District,http://www.canon.k12.co.us
Centennial Board of Cooperative Educational Services,http://www.cboces.org
Centennial R-1 School District,NA
Center 26 Jt School District,http://www.center.k12.co.us
Charter School Institute School District,http://www.csi.state.co.us/
Cheraw 31 School District,http://cheraw.k12.co.us/education/school/school.php?sectionid=2
Cherry Creek 5 School District,http://www.ccsd.k12.co.us
Cheyenne County Re-5 School District,http://www.cheyennesd.net/
Cheyenne Mountain 12 School District,http://WWW.CMSD.K12.CO.US
Clear Creek Re-1 School District,http://www.ccsdre1.org
Colorado Digital BOCES,NA
Colorado School For The Deaf And Blind School District,NA
Colorado Springs 11 School District,http://www.cssd11.k12.co.us
Cotopaxi Re-3 School District,http://www.cotopaxire3.org
Creede School District,http://www.creedek12.net
Cripple Creek-Victor Re-1 School District,http://www.ccvschools.org/
Crowley County Re-1-J School District,NA
Custer County School District C-1,http://www.bobcats.ccs.k12.co.us
De Beque 49jt School District,http://www.debeque.k12.co.us
Deer Trail 26j School District,http://www.dt26j.org/
Del Norte C-7 School District,http://www.del-norte.k12.co.us
Delta County 50(J) School District,http://www.delta.k12.co.us
Denver 1 School District,NA
Denver County 1 School District,http://www.dpsk12.org
Dolores County Re No.2 School District,http://dolorescounty.k12.co.us
Dolores Re-4a School District,http://www.dolores.k12.co.us
Douglas County Re 1 School District,http://www.dcsdk12.org
Durango 9-R School District,http://WWW.DURANGO.K12.CO.US
Eads Re-1 School District,http://www.eadseagles.com
Eagle County Re 50 School District,http://eagleschools.net
East Grand 2 School District,http://www.egsd.org
East Otero R-1 School District,http://www.lajunta.k12.co.us
Eaton Re-2 School District,http://www.eaton.k12.co.us
Edison 54 Jt School District,http://Edison54JT.org
Elbert 200 School District,http://www.elbertschool.org/
Elizabeth C-1 School District,http://elizabeth.k12.co.us
Ellicott 22 School District,http://ellicottschools.org
Englewood 1 School District,http://englewoodschools.net/
Estes Park R-3 School District,http://www.estesschools.org
Falcon 49 School District,http://d49.org
Fort Morgan Re-3 School District,http://www.morgan.k12.co.us
Fountain 8 School District,http://www.ffc8.org
Fowler R-4j School District,http://www.fowler.k12.co.us/
Fremont Re-2 School District,http://www.re-2.org
Frenchman Re-3 School District,http://www.flemingschools.org/education/school/school.php?sectionid=2
Garfield 16 School District,http://admin.garcoschools.org/
Garfield Re-2 School District,http://WWW.GARFIELDRE2.K12.CO.US
Genoa-Hugo C113 School District,http://www.genoahugo.org/
Gilpin County Re-1 School District,http://gilpin.k12.co.us/
Granada Re-1 School District,http://www.granadaschool.com/home
Greeley 6 School District,http://www.greeleyschools.org
Gunnison Watershed Re1j School District,http://gunnisonschools.net
Hanover 28 School District,http://www.hanoverhornets.org/
Harrison 2 School District,http://WWW.HARRISON.K12.CO.US
Haxtun Re-2j School District,http://www.haxtun.schoolfusion.us/
Hayden Re-1 School District,http://www.haydensd.org
Hi-Plains R-23 School District,NA
Hinsdale County Re 1 School District,http://www.lakecityschool.org
Hoehne Reorganized 3 School District,http://www.hoehnesd.org/
Holly Re-3 School District,http://www.holly.k12.co.us
Holyoke Re-1j School District,http://holyoke.schoolfusion.us/
Huerfano Re-1 School District,http://huerfano.k12.co.us/webmail/
Idalia Rj-3 School District,http://idaliaco.com
Ignacio 11 Jt School District,http://WWW.IGNACIO.K12.CO.US
Jefferson County R-1 School District,http://jeffcoweb.jeffco.k12.co.us/
Johnstown-Milliken Re-5j School District,http://www.weldre5j.k12.co.us
Julesburg Re-1 School District,http://www.julesburgk12.com
Karval Re-23 School District,http://www.karvalonlineeducation.com
Kim Reorganized 88 School District,NA
Kiowa C-2 School District,http://www.kiowaschool.org/
Kit Carson R-1 School District,http://www.kcsdr1.org
La Veta Re-2 School District,http://www.laveta.k12.co.us
Lake County R-1 School District,http://www.lakecountyschools.net
Lamar Re-2 School District,http://www.lamar.k12.co.us
Las Animas Re-1 School District,NA
Lewis-Palmer 38 School District,http://www.lewispalmer.org
Liberty J-4 School District,http://www.libertyschoolj4.com
Limon Re-4j School District,http://www.limonbadgers.com/
Littleton 6 School District,http://www.littletonpublicschools.net
Lone Star 101 School District,http://lonestar.k12.co.us
Mancos Re-6 School District,http://www.mancosre6.edu
Manitou Springs 14 School District,http://www.mssd14.org
Manzanola 3j School District,NA
"Mapleton Public Schools, Adams County School District 1",http://www.mapleton.us
Mc Clave Re-2 School District,NA
Meeker Re1 School District,http://www.meeker.k12.co.us
Mesa County Valley 51 School District,http://www.mesa.k12.co.us
Miami Yoder 60 Jt School District,NA
Moffat 2 School District,http://www.moffat.k12.co.us
Moffat County Re:No 1 School District,http://www.moffatsd.org
Monte Vista C-8 School District,http://monte.k12.co.us
Montezuma-Cortez Re-1 School District,http://www.cortez.k12.co.us
Montrose County Re-1j School District,http://www.mcsd.org
Mountain Valley Re 1 School District,NA
North Conejos Re-1j School District,NA
North Park R-1  School District,http://www.northpark.k12.co.us
Norwood R-2j School District,NA
Otis R-3 School District,http://www.osdco.com
Ouray R-1 School District,http://www.ouray.k12.co.us
Park County Re-2 School District,http://www.parkcountyre2.org
Pawnee Re-12 School District,http://www.pawneeschool.com
Peyton 23 Jt School District,http://www.peyton.k12.co.us/
Plainview Re-2 School District,NA
Plateau Re-5 School District,http://plateau.k12.co.us
Plateau Valley 50 School District,http://www.plateauvalley.k12.co.us
Platte Canyon 1 School District,http://www.plattecanyonschools.org
Platte Valley Re-7 School District,http://www.plattevalley.k12.co.us
Poudre R-1 School District,http://www.psdschools.org
Prairie Re-11 School District,http://prairieschool.org
Primero Reorganized 2 School District,NA
Pritchett Re-3 School District,NA
Pueblo City 60 School District,http://www.pueblo60.k12.co.us
Pueblo County 70 School District,http://www.district70.org
Rangely Re-4 School District,http://www.rangelyk12.org
Revere School District,http://www.plattevalley.schoolfusion.us
Ridgway R-2 School District,http://ridgway.co.schoolwebpages.com
Roaring Fork School District No. Re-1,http://www.rfsd.k12.co.us
Rocky Ford R-2 School District,http://rockyfordonline.com
Salida R-32 School District,http://www.salida.k12.co.us
San Juan Board of Cooperative Educational Services,NA
Sanford 6j School District,http://sanfordschools.org
Sangre De Cristo Re-22j School District,NA
Sargent Re-33j School District,http://www.sargent.k12.co.us/
School District 27j,http://www.brightonps27j.k12.co.us
Sheridan 2 School District,http://www.sheridank12.org
Sierra Grande R-30 School District,http://www.sierragrande.k12.co.us
Silverton 1 School District,http://www.silvertonschool.org
South Conejos Re-10 School District,http://scsd.echalk.com
South Routt Re 3 School District,http://www.southroutt.k12.co.us
Springfield Re-4 School District,http://www.springfield.k12.co.us
St Vrain Valley Re 1j School District,http://www.stvrain.k12.co.us
Steamboat Springs Re-2 School District,http://www.sssd.k12.co.us
Strasburg 31j School District,http://www.strasburg31j.com
Stratton R-4 School District,http://www.stratton.groupfusion.net
Summit Re-1 School District,http://summit.k12.co.us/
Swink 33 School District,http://www.swink.k12.co.us
Telluride R-1 School District,http://www.tellurideschool.org
Thompson R2-J School District,http://www.thompson.k12.co.us
Trinidad 1 School District,http://www.trinidad.k12.co.us
Valley Re-1 School District,http://www.re1valleyschools.com
Vilas Re-5 School District,http://www.vilas.k12.co.us
Walsh Re-1 School District,http://www.walsheagles.com
Weld County Re-1 School District,http://WWW.WELD-RE1.K12.CO.US
Weld County School District Re-3j,http://www.re3j.com/
Weld County School District Re-8,http://www.ftlupton.k12.co.us
Weldon Valley Re-20(J) School District,NA
West End Re-2 School District,http://www.westendschools.org
West Grand 1-Jt School District,http://www.westgrand.k12.co.us
Westminster 50 School District,http://www.adams50.org
Widefield 3 School District,http://www.wsd3.org/
Wiggins Re-50(J) School District,http://WWW.WIGGINS50.K12.CO.US/
Wiley Re-13 Jt School District,http://www.wiley.k12.co.us
Windsor Re-4 School District,http://www.windsor.k12.co.us
Woodland Park Re-2 School District,http://www.wpsdk12.org
Woodlin R-104 School District,http://woodlinschool.com
Wray Rd-2 School District,http://www.wrayschools.org
Yuma 1 School District,http://www.yumaschools.org
